1 1 1 1 1 1 1 8 1 1 1 1 1 1 1 0
1 2 0 0 0 0 0 0 0 0 2 2 2 0 1 0
1 2 1 r 2 r r 1 r r 2 r r 0 1 0
1 0 0 2 0 0 0 0 0 0 0 0 2 2 1 0
1 0 0 2 2 2 2 2 0 0 0 0 0 2 1 0
1 0 r r r r r 0 1 r r 1 r 2 1 0
1 2 2 2 0 0 0 0 2 2 0 0 0 2 1 0
1 r r 0 r 1 r r 1 1 1 2 1 r 1 0
1 0 0 2 2 2 0 0 0 0 0 2 2 0 1 0
1 0 r r r r 1 0 r r 1 r r 0 1 0
1 2 0 0 0 0 0 0 0 0 2 2 0 0 1 0
1 2 0 0 0 0 0 0 0 0 0 0 0 0 1 0
1 0 r r r 1 r 0 r r r r 1 2 1 0
1 0 0 0 0 0 0 0 0 0 0 0 0 2 1 0
1 1 1 1 1 1 1 _ 1 1 1 1 1 1 1 0
0 0 0 0 0 0 0 0 0 0 0 0 0 0 0 0
